       -12          0          0          0          0          0          0          0          0          0          0          0          0          0          0          0          0          0          0          0          0          0          0          0          0          0          0          0          0          0          0          0          0          0          0          0          0 
   -11.891          0          0          0          0          0          0          0          0          0          0          0          0          0          0          0          0          0          0          0          0          0          0          0          0          0          0          0          0          0          0          0          0          0          0          0          0 
   -11.783          0          0          0          0          0          0          0          0          0          0          0          0          0          0          0          0          0          0          0          0          0          0          0          0          0          0          0          0          0          0          0          0          0          0          0          0 
   -11.674          0          0          0          0          0          0          0          0          0          0          0          0          0          0          0          0          0          0          0          0          0          0          0          0          0          0          0          0          0          0          0          0          0          0          0          0 
   -11.566          0          0          0          0          0          0          0          0          0          0          0          0          0          0          0          0          0          0          0          0          0          0          0          0          0          0          0          0          0          0          0          0          0          0          0          0 
   -11.457          0          0          0          0          0          0          0          0          0          0          0          0          0          0          0          0          0          0          0          0          0          0          0          0          0          0          0          0          0          0          0          0          0          0          0          0 
   -11.349          0          0          0          0          0          0          0          0          0          0          0          0          0          0          0          0          0          0          0          0          0          0          0          0          0          0          0          0          0          0          0          0          0          0          0          0 
    -11.24          0          0          0          0          0          0          0          0          0          0          0          0          0          0          0          0          0          0          0          0          0          0          0          0          0          0          0          0          0          0          0          0          0          0          0          0 
   -11.131          0          0          0          0          0          0          0          0          0          0          0          0          0          0          0          0          0          0 2.9155e-13     21.314 1.1925e-05     3.3225     0.7168    0.18382          0          0          0          0          0          0          0          0          0          0          0          0 
   -11.023          0          0          0          0          0          0  7.907e-06     4.3043  1.597e-08     3.5756    0.91211   0.095294          0          0          0          0          0          0 9.7431e-15     24.792 2.7712e-07     3.4158    0.16602    0.74686          0          0          0          0          0          0          0          0          0          0          0          0 
   -10.914          0          0          0          0          0          0 2.4346e-07     7.8749 2.0691e-08     3.6289    0.88867     1.3469  5.528e-07     7.0413 7.2104e-08     3.4957    0.89258   0.012433 1.5159e-08     10.754 1.1406e-07     3.5357    0.11914    0.23823          0          0          0          0          0          0          0          0          0          0          0          0 
   -10.806 3.8613e-10      15.48 1.5514e-08     3.1627    0.91992      2.804  2.914e-09     13.051 1.9376e-07     3.3625    0.72155     1.1685 4.2725e-13     21.251 8.4925e-08     3.4269    0.91975    0.33706 9.3744e-07     7.3552 9.1156e-08     3.5194    0.79485    0.70633 6.2096e-05     3.0828 1.1109e-07     3.5756    0.93555     1.0804 1.4189e-05     5.0257 1.5895e-07     3.4691    0.89258    0.17365 
   -10.697  2.345e-05     4.5304 5.3987e-09      3.589   0.068373     2.9396 0.00082076    0.27278 2.4458e-09     3.2826    0.98633    0.77104  8.994e-05     2.9567 1.8747e-05     3.3507     0.5798    0.81898 6.5236e-05     2.8522 7.7627e-08     3.4824    0.89258    0.69546 3.5892e-05     4.3911 8.6504e-06     3.3688    0.87585      1.515  0.0010222    0.78507 8.6065e-08     3.6553    0.89989     0.7196 
   -10.589 1.4119e-07     10.569 8.4508e-08     3.3225    0.70034     1.8892 5.9574e-05     2.9134 3.7139e-05     3.3597    0.22106    0.66583 0.00014525     1.9255 1.8403e-05     3.0961    0.74787    0.79269  2.357e-05     4.0581 1.6143e-07     3.3497    0.90473     3.0512 2.1664e-06     6.8236 2.3446e-05     3.0428    0.77539     0.5845 3.1518e-10     15.915  4.106e-05     2.9895    0.20508      0.484 
    -10.48  0.0018012    0.68765 3.9806e-09     3.4936    0.05848     1.1706  0.0015206     1.0852 1.9129e-07     3.3964    0.49699    0.68786 0.00066222    0.44442 1.5714e-08     3.5752   0.069139     2.8499 6.1257e-05     4.0713  4.588e-07     3.3551    0.83655      1.318 4.6234e-13     22.703 2.6595e-05     3.3347    0.82574     2.4356 9.0477e-12     19.928 1.9509e-06     3.3411     0.8903    0.26518 
   -10.371   0.002622    0.56362 5.5722e-09     3.1004   0.070456    0.87441  0.0019204     0.4136  6.444e-07     3.5152    0.35409     2.3767  0.0028675    0.38698 2.9473e-06     3.4879    0.84716     1.0451 0.00098356     1.6938 5.4534e-07     3.3106      0.872     1.8829  0.0020314    0.78005 1.9672e-07     3.3932    0.88228    0.41596 1.1516e-05     5.7546 3.5588e-06     3.1627    0.81836   0.082844 
   -10.263  0.0041673    0.30927  5.852e-09     3.4765    0.19743     1.8012  0.0054435    0.49857 9.8515e-07     3.4794     0.8978     1.3856  0.0051388    0.40237 2.5028e-07     3.4295    0.69598     1.9702  0.0018321     1.2869 4.1197e-06     3.2204    0.68476     1.5392  0.0026869   0.017365 5.6185e-08     3.6818    0.13957     0.5508 0.00040311     2.8889 1.3376e-06     3.2748    0.88548    0.49201 
   -10.154   0.006729    0.80135 2.2278e-07     3.3843    0.83658     1.3065  0.0048537    0.88799 8.1185e-06     3.0834    0.74156     1.2393  0.0026477     1.4315 1.8856e-05     2.9546    0.67124     1.5048  0.0052511    0.68703 1.3243e-05     3.3316    0.52322     1.1562  0.0058049    0.58774 2.1055e-05     3.1533    0.61024     1.3259  0.0038421    0.64979 1.3083e-05     3.1189    0.29098    0.23293 
   -10.046   0.013163     1.2537 2.6672e-07     2.9774    0.72836     1.7226  0.0088638     1.1325 1.2762e-05     3.1069    0.75492     2.1024   0.011215    0.72373 2.2774e-05      3.117    0.76775     1.6437  0.0056442    0.91896 2.3765e-05     3.1804    0.49359    0.86011   0.003185     1.5904 3.6545e-05     3.0659    0.55169    0.95475   0.011463    0.53789 1.5852e-05     2.9985    0.65665    0.46104 
   -9.9371   0.013531     1.3434 1.3427e-06     2.4058    0.51482      2.024   0.021106     1.0283 1.5738e-05     2.7682    0.67647     1.8162   0.017545    0.94535 2.2087e-05     3.0519    0.67097     1.7267    0.01009     1.4417 2.6954e-05     2.9562     0.6133     1.6166   0.010217    0.78731 2.3723e-05     3.2666    0.78625    0.89139  0.0091797    0.67721 2.4861e-05     2.9608    0.53208    0.51607 
   -9.8285   0.031405     1.3676 1.5334e-06     2.5336    0.70469      2.058   0.053361    0.96507 5.9143e-06     2.6956    0.66279     1.7724   0.029887     1.2974 2.9038e-05     2.8229    0.67234     1.7423    0.02548    0.80748 4.0159e-05     2.9482    0.68579     1.2008   0.019268     1.1747 4.4417e-05     2.8945    0.51918     1.5587   0.028327    0.74389 2.9039e-05     3.0439    0.60403    0.82831 
     -9.72    0.10304    0.85978 7.1914e-06     2.6734    0.70076     1.7995   0.098234    0.90896 1.6073e-05     2.7322    0.63278     1.8552   0.085098     0.9625  2.945e-05      2.766    0.60492     1.6128   0.054413      1.042 4.3688e-05     2.8286    0.59488     1.4593   0.043754     1.1159 5.5925e-05     2.9021    0.58672     1.5556   0.036852    0.85004 6.2596e-05     2.9725    0.57128     1.4662 
   -9.6114    0.21484    0.88726 7.9822e-06     2.5795    0.64027     1.7995    0.19589    0.95797 1.5612e-05     2.5625    0.62867     1.7983    0.18129    0.95995 3.0277e-05     2.6926    0.59393     1.7513    0.11601     1.1032 5.1441e-05     2.7051    0.55997     1.6755    0.11204    0.94453 7.6968e-05      2.829    0.57227     1.5139   0.085675     1.1385 7.8321e-05     2.9601    0.57458     1.2039 
   -9.5028    0.40258    0.96024 1.0227e-05     2.5248    0.67197      1.788    0.42473    0.93836 1.9336e-05      2.557    0.63383     1.7462    0.34659    0.98521 3.5684e-05     2.6005     0.5967     1.7598     0.2607     1.0079 6.2557e-05     2.7003    0.57131     1.6652    0.19452      1.028 7.8519e-05     2.8256    0.59313     1.5018    0.14756     1.1144 8.5202e-05     2.9452     0.5779      1.229 
   -9.3942    0.87931    0.92042 1.3145e-05     2.4894    0.60094     1.8276    0.82226    0.91729 2.4021e-05     2.5214    0.61888     1.7322    0.71532    0.91657  4.353e-05     2.6138    0.60594     1.6724    0.55154    0.94795 7.0194e-05       2.67    0.57409     1.6018    0.45907    0.92253 9.0481e-05     2.8001    0.59268     1.3973    0.36015    0.97489 0.00010419     2.8892    0.56257     1.2814 
   -9.2857     1.7621    0.81437 1.9425e-05      2.511    0.60699     1.7674     1.6329    0.82609 3.1091e-05     2.5042    0.59954     1.7656     1.4404    0.84641 5.2678e-05      2.555    0.58564     1.7019     1.1619    0.83765 8.1694e-05     2.6214    0.58628     1.6505    0.86102     0.8658 0.00010845     2.7555    0.56621     1.4596    0.66007    0.94303 0.00012808     2.8344    0.57918     1.4388 
   -9.1771     3.2018    0.81163  2.816e-05       2.46    0.59417     1.7574      2.989    0.82638 4.3255e-05     2.4628    0.58459     1.7452     2.6509    0.83313 6.9374e-05     2.5042    0.58765     1.7148      2.131    0.84317 0.00010076     2.5578    0.58567     1.7272     1.5785    0.87905 0.00013792     2.6796    0.56105     1.5921     1.4505    0.87385  0.0001594     2.7634    0.57023     1.5193 
   -9.0685     5.8194    0.84913 3.7411e-05     2.4073    0.57371     1.8155     5.4548    0.84186 5.5796e-05     2.4271    0.57334     1.7705     4.7274    0.80893 8.3226e-05     2.4506    0.57236      1.796     3.8677    0.82297 0.00012026     2.4968    0.57599      1.771     3.1192    0.86194 0.00016204     2.5865    0.57169     1.7249     2.8695    0.87781 0.00018204     2.6552    0.57414     1.6652 
   -8.9599     10.898    0.86648 5.0621e-05     2.3587    0.54948      1.836     9.8987    0.80838 6.6329e-05     2.3675    0.55464     1.8422     8.3154    0.77374 9.2891e-05     2.3856     0.5604     1.8714      6.588    0.77339 0.00013459      2.425    0.56601     1.8868     5.6378    0.80809 0.00018581     2.4889     0.5682     1.8828     5.3305    0.83292 0.00021051     2.5364    0.56839     1.8373 
   -8.8514     19.279     0.7663 6.1112e-05     2.3068    0.53129     1.9041      16.69    0.75318 7.2977e-05     2.2977    0.53742     1.9369      13.51     0.7424 0.00010129     2.2992    0.54603     1.9764     10.879    0.73459  0.0001545     2.3214     0.5565     2.0429     9.6329    0.73565 0.00021055     2.3618    0.56839     2.0642      9.011    0.74725 0.00023929     2.3907    0.57127     2.0968 
   -8.7428     27.871    0.56473 6.4708e-05     2.2295    0.53044     2.0132     25.214    0.63965 7.5024e-05      2.211    0.53197     2.0627     20.815    0.69358 0.00010852     2.1882    0.53694     2.1084      16.96    0.69236 0.00017373     2.1877    0.54925     2.2183     14.915    0.67027 0.00023385     2.2259    0.56111      2.297     14.215    0.65466 0.00026044     2.2438    0.56831     2.3324 
   -8.6342     30.739    0.33752 6.3389e-05     2.1548    0.53806     2.1279     31.794    0.46949 7.2541e-05     2.1108    0.53764     2.2252     29.069    0.57267 0.00011117     2.0587    0.53921     2.2972     24.447    0.60655 0.00018865     2.0401    0.54777     2.4043     21.324    0.59821 0.00025731     2.0677    0.55944     2.5393     20.392     0.5935 0.00028669      2.086    0.56357     2.5956 
   -8.5256     25.861    0.15385 6.0115e-05     2.0869    0.55102      2.241     32.191    0.26327 6.8289e-05     2.0213    0.54753     2.3947     34.081    0.36764 0.00011082     1.9329    0.54785     2.5776     30.875    0.43803 0.00020258     1.8839     0.5505     2.7055     28.231    0.49113 0.00028778     1.8967     0.5549     2.8309     27.033    0.50603 0.00032296     1.9157    0.55886     2.8909 
   -8.4171     18.547   0.054849 5.5733e-05     2.0215    0.56803     2.3333     26.265     0.1104  6.334e-05     1.9389    0.56212     2.5909     31.999      0.176 0.00010862     1.8159    0.55972     2.9413      32.07     0.2469 0.00021307     1.7206    0.55661     3.1853     32.022    0.32386 0.00031615     1.7059    0.55657     3.3025     31.815    0.35438 0.00035996     1.7108    0.55588     3.3462 
   -8.3085     12.217   0.016658 5.0338e-05     1.9527    0.59435     2.4615     19.086   0.039047 5.7846e-05     1.8547    0.58197     2.8145     25.976   0.074118 0.00010435     1.6971    0.57578     3.3485     28.656    0.12701 0.00021628     1.5565    0.56531     3.7809     31.207    0.18733 0.00033275     1.5068    0.56059     3.9168     32.145    0.21514 0.00038397      1.499    0.55666      3.942 
   -8.1999      7.894  0.0048172 4.4766e-05     1.8809    0.62597     2.5722      13.34   0.013491 5.1791e-05     1.7657    0.60877     3.0707     20.167   0.032536 9.8787e-05     1.5788    0.59529     3.7857     24.194   0.067685 0.00021534      1.402    0.57626     4.3829      28.41    0.11076  0.0003408      1.323    0.56541     4.5886     29.798    0.13417 0.00039616     1.3041    0.56129     4.6245 
   -8.0913     5.4491  0.0013925  4.009e-05     1.8199    0.66654     2.6782      9.635  0.0048817 4.6913e-05     1.6865    0.63887     3.3155     15.895    0.01505  9.472e-05     1.4765    0.61701     4.1968     20.663   0.036596 0.00021409     1.2733    0.58901     4.9126     25.333   0.065208 0.00034448     1.1761    0.57276      5.197      27.28    0.08436 0.00040284     1.1459    0.56735     5.2698 
   -7.9828     3.9904 0.00041768 3.6276e-05     1.7849    0.70067     2.7514     7.2359  0.0018423 4.3763e-05     1.6261    0.67029     3.5291     12.978  0.0071886 9.2604e-05     1.4007    0.63842     4.5568     17.862   0.019181 0.00021346     1.1846    0.60083     5.3289     22.643   0.036009 0.00034722     1.0771    0.58049     5.6434     24.975   0.048666 0.00040827     1.0383    0.57307       5.76 
   -7.8742      3.141 0.00013178 3.3742e-05     1.7656    0.73236     2.7693      5.664 0.00071203 4.1725e-05     1.5952    0.69659     3.6662     10.734  0.0032571  9.215e-05     1.3579    0.65742     4.7933     15.598    0.00948 0.00021344     1.1322    0.61287     5.6303     20.367   0.018622 0.00034804     1.0144    0.58859     6.0365     22.804   0.025865 0.00041004    0.97577    0.57913     6.0933 
   -7.7656     2.6024 4.4506e-05 3.3349e-05     1.7739     0.7499     2.7737     4.6328 0.00026219 4.1914e-05      1.598    0.71635     3.7065     9.1357  0.0014304 9.2741e-05     1.3433    0.67314     4.9269     13.654  0.0044392 0.00021438     1.1045    0.62386     5.8472     18.064  0.0090517 0.00034897    0.98016    0.59557     6.2644      20.49    0.01287 0.00041111    0.93467    0.58553     6.3997 
   -7.6571     2.1793 1.5519e-05  3.407e-05     1.7942    0.75818     2.7515     3.8552 9.7527e-05 4.2713e-05     1.6118    0.73202     3.7177     7.8208 0.00060163 9.4835e-05     1.3495    0.68744     5.0229     11.937  0.0019966 0.00021497     1.0951    0.63402     6.0001     15.951  0.0041828 0.00034872    0.96767    0.60304     6.4411     18.033  0.0060246 0.00041048    0.92153    0.59173     6.5533 
   -7.5485     1.8562 5.6311e-06 3.3709e-05     1.8194    0.76065     2.7096     3.2491 3.4811e-05  4.345e-05     1.6353    0.74185      3.679     6.6686 0.00024324 9.6192e-05     1.3698    0.69808     5.0773     10.246 0.00085467 0.00021635     1.1037    0.64295     6.1137     13.637  0.0018034 0.00034786    0.96823    0.61095      6.533     15.706  0.0026588 0.00040931    0.91733    0.59784     6.6545 
   -7.4399     1.5594 2.1114e-06 3.4957e-05     1.8405    0.76604     2.6422     2.7025 1.2184e-05 4.4949e-05     1.6676      0.748     3.6239     5.5989 9.3969e-05 9.8681e-05      1.397    0.70754      5.067     8.6775 0.00035079 0.00021724     1.1178    0.65257     6.1797      11.52 0.00076227 0.00034708    0.97821    0.61835     6.6364     13.366  0.0011442 0.00040743    0.92355    0.60432     6.8014 
   -7.3313     1.3628  7.966e-07 3.6445e-05     1.9003    0.75829     2.6385     2.2541 4.0978e-06 4.7489e-05     1.7105    0.74897     3.5225     4.6793 3.4231e-05  0.0001009     1.4327    0.71417     5.0027     7.1443 0.00013617 0.00021852     1.1444    0.65992     6.2198     9.5153 0.00030605 0.00034519    0.99673    0.62525     6.7097     10.916  0.0004736 0.00040408    0.93808    0.61119     6.8894 
   -7.2228     1.0994 2.8835e-07 4.0599e-05     1.9406    0.75209     2.5503     1.8108 1.3314e-06 4.8424e-05     1.7526    0.75021     3.4284     3.8038 1.2207e-05 0.00010265     1.4743    0.71987     4.9534     5.7915 5.0226e-05 0.00021995     1.1854    0.66673     6.1767     7.6714   0.000114 0.00034181     1.0301    0.63387     6.7149     8.8296 0.00018124     0.0004    0.96254    0.61872     6.9241 
   -7.1142    0.86325 1.0581e-07 3.9701e-05     1.9773    0.74568     2.5218     1.4723 4.1909e-07 5.0483e-05     1.8218    0.74186     3.3004     3.0243 3.9674e-06 0.00010585     1.5239    0.72231     4.8267     4.5801 1.7742e-05  0.0002206     1.2292      0.675     6.1267     5.9987 4.1456e-05 0.00033996     1.0743    0.64084     6.6772     6.9221 6.8716e-05 0.00039584    0.99652    0.62505     6.9178 
   -7.0056    0.75166 3.3137e-08  5.007e-05     2.1061    0.71877     2.4876     1.1688 1.2766e-07 5.5442e-05     1.9001    0.73337     3.1727     2.3456 1.2789e-06 0.00010816     1.5865     0.7229     4.6997     3.4735 6.0439e-06 0.00022193     1.2776    0.68201     6.0574     4.5901 1.4248e-05 0.00033577     1.1285    0.64763     6.6024     5.2146   2.43e-05 0.00038875     1.0565    0.63273     6.9036 
    -6.897    0.54119 1.1334e-08  4.838e-05     2.1449    0.70417     2.6305    0.89488 4.0311e-08 5.6611e-05     1.9803    0.71639      3.114     1.7657 3.8955e-07 0.00011122     1.6488    0.72142     4.5321     2.6247 1.9043e-06 0.00022282     1.3482    0.68455     5.9169     3.3609 4.6598e-06 0.00033454     1.2006    0.65356     6.5486     3.8589 8.1583e-06 0.00038347     1.1249    0.63895     6.7925 
   -6.7885    0.42682 3.3558e-09 5.7119e-05     2.2419    0.67652     2.5996    0.69459 1.0985e-08 6.2694e-05     2.0949    0.69158     2.9907      1.308 1.1103e-07 0.00011487     1.7354      0.715     4.3632     1.9228 5.6449e-07  0.0002252     1.4415    0.68464     5.7504     2.4318 1.4345e-06 0.00033067     1.2825    0.65927     6.3842     2.6985 2.6517e-06 0.00037531     1.2019    0.64603      6.725 
   -6.6799    0.33759 8.9809e-10 6.1458e-05     2.3534     0.6348      2.806    0.53418 3.0175e-09 6.6221e-05     2.2117    0.66128     2.9657    0.96797 3.0181e-08 0.00011659     1.8394    0.69878     4.1798     1.3822 1.6123e-07 0.00022857     1.5343    0.68298     5.5671     1.7048 4.2061e-07 0.00032259      1.381    0.66014     6.2266     1.9502 7.8728e-07 0.00036473     1.3348    0.64525      6.446 
   -6.5713    0.34562 1.7294e-10 7.9814e-05     2.5047    0.57007     2.8383    0.44023  7.242e-10 7.0668e-05     2.3342    0.61757     2.9491    0.73581 6.9408e-09 0.00012472     1.9828    0.67832     3.9204     1.0214 4.0494e-08 0.00022844     1.6982     0.6737     5.2637     1.2379 1.0971e-07 0.00032414      1.536    0.65619     5.9223     1.3831 2.1674e-07 0.00037344     1.4747    0.64172     6.3277 
   -6.4627    0.26531 3.8202e-11 7.9778e-05     2.5677    0.55598     2.9465    0.34846 1.5807e-10   7.86e-05     2.4781    0.57006     3.0669    0.57349 1.5449e-09 0.00012849     2.1278    0.63914     3.8372    0.72936 9.3859e-09 0.00023404     1.8343    0.64942     4.9474    0.91933  2.565e-08 0.00032499     1.7259     0.6341     5.4773    0.94872 5.1981e-08 0.00037296     1.6318    0.63653     5.9495 
   -6.3542    0.23013  8.404e-12  7.982e-05     2.5779    0.52184     3.4302    0.30398 3.1126e-11 8.4682e-05     2.5605    0.53566     3.3138    0.42577 3.0976e-10 0.00013828       2.25    0.60515     3.7509    0.52961 2.0124e-09 0.00023405     1.9935    0.63009     4.7591    0.64856 5.9714e-09 0.00032654     1.8798     0.6171     5.2858    0.70163 1.0697e-08 0.00037199     1.8132    0.61416     5.6397 
   -6.2456    0.23168 1.2376e-12 9.0946e-05     2.6157    0.50925      3.689    0.26953 5.7476e-12 9.2234e-05     2.6174    0.49804     3.6437    0.34112 5.6803e-11 0.00014529     2.3633    0.57621     3.8541    0.44033 3.5518e-10 0.00025081      2.158    0.59315      4.652     0.5029 1.0546e-09 0.00033803     2.0764     0.6006     5.1129    0.57581  1.848e-09 0.00041383     2.0334    0.59778     5.1158 
    -6.137    0.18235 2.8322e-13 9.1115e-05     2.6269    0.47264     3.6395    0.24529 8.8163e-13 9.0825e-05     2.6283    0.49084     3.8279    0.30857  8.448e-12 0.00014813     2.4243    0.53984     4.0327    0.36622 5.2425e-11  0.0002514     2.2757    0.57086     4.6742    0.42104 1.7754e-10 0.00035444     2.1919    0.56656     4.9602    0.47654 2.8895e-10 0.00039733     2.1564    0.56313     4.7884 
   -6.0285    0.17997 7.3337e-14 9.1083e-05     2.5805    0.48404     4.2054     0.2293 1.9524e-13 9.7393e-05     2.6593    0.48126     4.2619    0.27909 1.0949e-12 0.00013915     2.4329    0.52411     4.2857    0.33043 6.6035e-12 0.00025964     2.3537    0.54001     4.6021    0.41676 1.8904e-11 0.00036163     2.2774    0.54359     4.9041    0.44752 3.0495e-11 0.00042305     2.2607    0.54281     4.9855 
   -5.9199    0.16597 2.1547e-14 8.9591e-05      2.528    0.48381     4.6614    0.22287 4.7698e-14 9.5507e-05      2.569    0.47325      4.251     0.2762 1.1215e-13  0.0001415     2.3815    0.50569     4.4433    0.31175 7.1992e-13 0.00026094     2.3691    0.53233     4.8958    0.40912 2.2818e-12  0.0003771     2.3091    0.52698     4.9898    0.39586  3.503e-12 0.00043129     2.2467    0.52575     5.2229 
   -5.8113     0.1483 6.8279e-15 8.8229e-05     2.4737     0.4899     4.5334     0.1933 1.5082e-14 9.6336e-05     2.5614     0.4815     4.5993    0.22699 1.8327e-14 0.00014686     2.4211    0.49811     5.0575    0.26781 6.5442e-14 0.00025575      2.303    0.51268     5.3346    0.37188 1.7166e-13  0.0003773     2.2609    0.51689     5.5098    0.37481 3.0348e-13 0.00044279     2.2731    0.51357     5.5564 
   -5.7027    0.13134 1.6786e-15 8.8611e-05     2.4317    0.49796     4.5026    0.18584 4.2684e-15 9.6557e-05     2.4724    0.48735     5.1012    0.22733 3.3813e-15 0.00014374     2.3626    0.51441     5.2079    0.26857 7.6329e-15 0.00025353     2.2716    0.51517     5.7466    0.33212  1.222e-14 0.00037799     2.1723    0.52104     5.6437    0.44277  1.787e-14 0.00043819     2.1411     0.5109     5.1226 
   -5.5942    0.12126 3.9922e-16  8.444e-05     2.3581    0.50284     5.2469    0.16274 1.1492e-15  9.145e-05     2.4048    0.50197     5.3848    0.21306 5.2562e-16 0.00014925     2.3359    0.50512      5.605    0.26256 2.0809e-15 0.00026384     2.2004    0.51475     5.7975    0.33658 3.1941e-15 0.00037515     2.1955    0.51865     6.1202     0.3781 3.3727e-15   0.000437     2.1505    0.51572     5.7997 
   -5.4856    0.11465 1.1823e-16 9.2892e-05     2.3486    0.50055     5.3223    0.14091  2.879e-16 8.5906e-05      2.298     0.5023       5.63    0.20353 1.1117e-16 0.00014843     2.2737    0.51012     5.7897    0.26439  2.147e-16 0.00025192     2.1212    0.51886     5.9944    0.33058 4.7645e-16 0.00036879     2.0832    0.51687     6.1481    0.41498 6.2082e-16 0.00043087     2.0386    0.49907     6.3463 
    -5.377   0.091268 2.3756e-17 8.2333e-05     2.2909    0.51891     5.4497    0.13988 6.4722e-17 9.5444e-05     2.3138    0.52827     6.1005     0.1858 2.2263e-17 0.00013053     2.1508    0.52773     5.9502    0.24625 4.0916e-17 0.00025031     2.0637    0.52751     6.8128     0.2959 5.4631e-17 0.00037439     2.0529    0.51434      6.679    0.37282 4.4452e-17 0.00045954     2.0177    0.51162       6.59 
   -5.2684   0.083799 3.3775e-18 8.3834e-05     2.2502    0.54608     5.7203    0.10825 1.6245e-17 8.6228e-05     2.1953       0.52     6.5186    0.17261 4.2051e-18 0.00013495     2.0793    0.52571     6.2713    0.23585 2.7675e-18 0.00024833     2.0129     0.5342     6.7916    0.28727 3.7275e-18  0.0003861     1.9708    0.52233     6.6554     0.3499 5.5109e-18 0.00044077     1.9203    0.51909      6.507 
   -5.1599   0.074684 1.1137e-18 8.7628e-05     2.1951     0.5395     6.2017    0.10137 1.5228e-18 8.6639e-05     2.1583    0.53643     6.2862    0.15576 6.3737e-19 0.00013029     2.0711    0.52142     6.2683    0.19931 3.0212e-19 0.00024701     1.9675     0.5191     6.8951    0.29531 6.4668e-19 0.00038162     1.9187    0.50904     7.0002    0.39538 5.4009e-19  0.0004473     1.9196    0.52032     7.1343 
   -5.0513   0.062533 7.0311e-20 8.1551e-05     2.1831    0.53388     6.0204   0.086434 5.4476e-19 8.4853e-05     2.0597    0.54142     6.6038    0.13207 6.8662e-20 0.00013234     1.9751    0.52106      7.168    0.21862 1.6815e-20 0.00024497     1.9084    0.52552     7.1009    0.28817 5.9814e-20  0.0003725     1.8012    0.52072     7.1346    0.35346 2.2242e-19 0.00045738     1.8183     0.5162     6.9602 
   -4.9427   0.057287 2.4265e-20 8.9266e-05     2.1527       0.53      6.962   0.073502 4.7967e-20 8.7498e-05     2.0764     0.5539      6.646    0.12501 1.7416e-20 0.00012819       1.89    0.53923     6.5827    0.19516 1.2885e-21  0.0002445     1.8254    0.51606     7.3324    0.29235 5.9836e-21 0.00037708     1.7222    0.51717      6.963    0.30481 2.4575e-21 0.00044651     1.6475    0.51849      7.637 
   -4.8341   0.059538 5.0893e-21 7.8593e-05     2.1241    0.55063     5.5217   0.077086 1.4086e-21 7.0282e-05     1.9273     0.5283     6.8371    0.13374 2.0506e-21 0.00012865     1.8284    0.53398     6.4748    0.20035 5.9962e-23 0.00023273     1.7705     0.5373     6.9205    0.26486 1.6822e-21 0.00037522     1.6496    0.52489     7.4014    0.33482 1.1251e-22 0.00045113     1.6658    0.52373     7.4605 
   -4.7256   0.042381 2.4596e-22 6.8711e-05     1.9913    0.56169     6.3807   0.067542   1.31e-22 8.0731e-05     1.9832     0.5675     7.0805    0.11545 8.7002e-23  0.0001195     1.8019    0.56869     7.1641    0.18002 3.2822e-24 0.00024848     1.7378    0.53768      7.646     0.2723 1.2132e-23 0.00036696     1.6103     0.5245     7.4553    0.28441 3.6292e-24 0.00044637     1.5185    0.52025     7.6649 
    -4.617    0.03892 8.7828e-24 6.6067e-05     2.0465    0.52952     5.0544   0.066907 6.9398e-24 0.00011046      2.073    0.57611     6.5393   0.099069  1.569e-23 0.00011005     1.7091    0.54102      6.984    0.16269 1.5206e-25  0.0002422     1.6298     0.5408     7.7198     0.2465 2.4314e-25 0.00035821     1.4574     0.5209     7.3491    0.31225 1.7873e-24 0.00043809     1.3708    0.52244     7.5891 
   -4.5084   0.029082 2.7815e-24   6.12e-05     1.9642     0.6251     6.2905   0.056519 7.3511e-26 7.0837e-05     1.8649    0.58269     6.4285    0.10782 5.2803e-26 0.00011275     1.7061    0.56387     6.5617     0.1548  7.123e-28 0.00023302     1.5413     0.5443     7.5991    0.25378 4.3788e-27 0.00036713     1.3864    0.53819      8.089    0.30963 7.9322e-27 0.00043768     1.4019    0.53029     7.9724 
   -4.3998   0.033068 2.0459e-26 7.1888e-05     1.9419    0.56085     5.1655   0.056301 2.6585e-26 6.1167e-05     1.8736    0.60643     6.0541   0.087405 4.9515e-30 0.00010671     1.6534    0.57679     7.3967    0.15691  1.759e-28 0.00023607     1.4535    0.55233     7.7059    0.24711 1.8111e-28  0.0003597     1.2729      0.543       7.93    0.30127 4.1015e-28 0.00044926     1.2429    0.52246     8.2759 
   -4.2913   0.020896 2.4114e-27 5.8271e-05     1.9586    0.65775     6.4786    0.03998 3.0898e-32 6.7297e-05     1.8187    0.63639     6.0899   0.093066 1.1055e-31 0.00012019     1.7384     0.5969     7.0348    0.15755 2.0888e-30  0.0002258      1.454    0.55334     7.3417    0.24678 6.4827e-29 0.00036212     1.2397    0.54159     8.1096    0.25838 4.4858e-30  0.0004481     1.2251    0.54267     8.0725 
   -4.1827   0.031242  1.172e-28 4.7726e-05     1.7917     0.6342     4.6096    0.03791 9.6344e-28 7.2686e-05     1.8514    0.64172     6.4644   0.090583 1.9623e-31 0.00012038      1.679    0.60482     8.2614    0.13155 1.8784e-32 0.00022043     1.3049    0.56363     7.9871     0.2441 2.1394e-32 0.00037066      1.205    0.54779     8.2114    0.24336 2.0476e-31 0.00043666     1.1859    0.54354     8.1102 
   -4.0741    0.02522 1.7668e-28  5.175e-05     1.9425    0.64068     5.5113   0.043486 3.0424e-34 6.2278e-05     1.8089    0.66604     5.0876   0.074861 6.7955e-35 0.00011253     1.4963    0.62973     7.5224    0.13935 5.1258e-35 0.00022192     1.2746    0.55782     7.7282    0.21604 1.6677e-34 0.00036798     1.1489    0.54624     8.2342    0.29576 5.1707e-34 0.00044756     1.0681    0.53925     8.2954 
   -3.9656   0.020924  4.377e-32 7.8447e-05     2.0141    0.69685     5.1347   0.030569 3.1677e-31 7.3922e-05     1.8698    0.65542      5.809    0.06396 6.1897e-38 0.00010493     1.6002    0.64203     6.9672    0.12243  1.649e-36 0.00023195     1.3565    0.59377     7.9321    0.20528 2.8406e-37 0.00036198     1.1445    0.57685     7.9674    0.28849 1.6044e-37 0.00044764    0.99638    0.52895     8.0509 
    -3.857   0.023829 5.6455e-33 5.7647e-05     2.0527    0.66957      4.112   0.031833  2.405e-35 5.8691e-05     1.7578    0.65575     6.1417   0.069543 9.5143e-40 0.00010808     1.5037    0.63122      7.136      0.135 7.8001e-40 0.00021898     1.2097    0.57982     7.5274    0.18575 1.4854e-39  0.0003726     1.0724    0.57029      8.264    0.24971 2.7005e-40 0.00044078    0.94577    0.54462     7.9529 
   -3.7484   0.018156 1.7159e-37 6.9145e-05     1.9742     0.6866     3.9563   0.029114 2.5523e-45 4.7245e-05      1.764    0.68741     6.8381    0.05981 7.8692e-44 0.00014126     1.6536    0.67857     6.4689   0.099413 6.2178e-43 0.00023216     1.2127    0.58331     7.5907     0.1954 2.2343e-41 0.00036325     1.0019    0.56791     8.6055    0.23258 2.0429e-41  0.0004296     1.0508    0.56572     8.4503 
   -3.6398    0.01857 4.2665e-36 3.5765e-05     1.9534    0.69761     4.5793   0.025583 9.2334e-43 6.6562e-05     1.7923    0.71873     5.5359   0.069725 2.3932e-45 0.00017563      1.899    0.59067     6.1049    0.10127 4.4566e-45 0.00022633     1.2278     0.5955     8.3854     0.1687 5.9847e-45 0.00036134    0.97834    0.57661      7.386    0.17445 3.0979e-45 0.00043134    0.99522    0.56644     8.6029 
   -3.5313   0.021719 1.2665e-39 4.6855e-05     1.9271    0.65572     6.2518   0.024208 1.9849e-49 5.5678e-05     1.8474    0.71734     5.1869   0.054944 9.6986e-50 0.00011553     1.6225    0.68922     6.3795   0.088457 3.7988e-46 0.00023445     1.2396    0.60204     7.3427    0.13055 7.9061e-45 0.00036144     1.0603      0.579     9.3806    0.16251 2.7032e-48 0.00042588      1.051     0.5738     8.2921 
   -3.4227   0.017048 6.0513e-40 6.4781e-05     1.9804    0.74341     4.2341   0.024427 7.7075e-51 5.6537e-05     1.7693    0.72149     5.2431   0.050543 3.5477e-53  0.0001317     1.6955     0.6809     6.7401   0.092071 2.1065e-52 0.00023053     1.1963    0.60824     7.8948     0.1588 5.2453e-51 0.00035523    0.98178    0.60311     7.8563    0.24781 3.5111e-49 0.00034967     1.3251    0.64796     7.2466 
   -3.3141   0.012695 1.4065e-43 3.5995e-05      1.905    0.72807     4.0651   0.022926 1.4264e-38 6.5581e-05     1.8374    0.73314     5.9445   0.047311 6.2929e-51 0.00011255     1.6079    0.69744     7.2689   0.063454 1.3693e-48 0.00022626     1.3258    0.66517     7.8677    0.13124 1.9775e-55 0.00036152     1.0972    0.59951       7.63    0.13085 7.7468e-42 0.00043097     1.0302    0.61548     7.1749 
   -3.2055   0.017962 3.2411e-45 4.7365e-05     2.0206    0.74685      5.006   0.019972  8.094e-55  7.518e-05     1.9862    0.72938     4.6232   0.036962 9.2806e-51 0.00011654     1.6952    0.73107     6.2651   0.062186 1.1477e-58 0.00024163     1.3228     0.6693     7.3802    0.14063 3.4845e-59  0.0003611    0.96741     0.6049     8.1135    0.12363 3.4635e-59 0.00042422     1.0939    0.57526     8.3169 
    -3.097   0.010885 6.5322e-50  4.733e-05     1.8548    0.75712     4.0137   0.021939 1.2972e-57 5.5707e-05     1.8021    0.74493     5.9653   0.034974 1.6175e-56  0.0001394       1.79    0.74335     6.3764     0.0447  3.502e-52 0.00023398     1.4043    0.65956     7.6856    0.10705 5.5985e-61 0.00033649     1.1016    0.63015     7.4125    0.10915 3.8188e-63 0.00042539     0.9367    0.57114     8.7412 
   -2.9884   0.015047 6.6338e-53 3.1284e-05     1.8629    0.77666     5.2396   0.018183 1.4368e-52 6.3706e-05     1.8578    0.75903     4.8128   0.040674 2.2731e-46 0.00012707     1.6899    0.71835      6.269   0.054807 3.7117e-68 0.00024656     1.6343    0.66464     7.8466    0.12467 5.6824e-67 0.00033252     1.0203    0.61212     7.4247   0.078615 3.9449e-69 0.00038219     1.2169    0.63058     7.7718 
   -2.8798  0.0093411 2.9468e-56 7.4929e-05     2.0774    0.66205     4.1664   0.018419 3.2849e-58 8.0093e-05     1.9266    0.72859     5.2121   0.028898 7.0632e-75 0.00012377     1.6352    0.73752      5.626   0.045975 2.0501e-72 0.00021792      1.452    0.68391     7.5492   0.064667 2.4011e-72 0.00036187     1.0281    0.59748     8.5381    0.07423  1.001e-74 0.00040472     1.0315    0.63085     9.1336 
   -2.7712   0.016156 9.6599e-57 7.5858e-05     2.2219    0.69464     4.3902   0.015588 1.8858e-54 8.2331e-05     1.9896    0.75841     4.5774   0.030631 8.8868e-82  0.0001096     1.7676    0.72038     6.1505   0.034376 1.4325e-78 0.00022432      1.607    0.66856     6.6521   0.044856 3.0648e-78 0.00033339     1.3556    0.68727     7.5479   0.065441  2.115e-72 0.00036004     1.2761    0.63255     7.9298 
   -2.6627  0.0072906  4.053e-62  5.112e-05     2.0663    0.75474     4.0276   0.018393 3.1075e-73 6.4968e-05     1.9173    0.75339     4.6515   0.024828 6.3582e-84  0.0001269     1.8099    0.74465     4.8377   0.035989 3.8113e-85 0.00028276     1.6739    0.69262      6.861   0.042086 3.5408e-60  0.0002983     1.5186       0.67     6.0639   0.056566 1.4636e-81 0.00034627     1.3174    0.65424     6.9822 
   -2.5541   0.007287 5.6492e-62 4.7506e-05     1.9327    0.74347     3.8618   0.014357 1.2796e-65 8.6392e-05     2.0043    0.75301     5.5436   0.022553 8.7576e-66 0.00015466      1.844    0.75419     5.9467   0.038501 7.6417e-88 0.00022197     1.5299    0.67966     6.5042   0.045389 4.3597e-80 0.00032244     1.1792    0.64162     7.0021    0.06418 2.8238e-91 0.00038945     1.0422    0.63336     7.3114 
   -2.4455  0.0052638 1.6874e-68  5.038e-05      2.018    0.75976     2.9753  0.0091735 1.5715e-77  5.901e-05     1.9197    0.76772     4.0582   0.021871 5.0572e-68 0.00016276     1.8763    0.75212     4.5604   0.023099 4.7396e-64   0.000213     1.6443     0.6928     5.1617   0.032076 2.3189e-96 0.00032096     1.3672    0.66658     6.7691   0.052703  1.668e-98 0.00032632     1.3528    0.67007     6.9745 
   -2.3369   0.007194 2.9719e-74 3.0573e-05     1.8783    0.75578     3.3608  0.0083027 2.9313e-97 6.5006e-05     1.9676    0.75553     4.5525   0.015985 1.2769e-91 0.00012845     1.9405    0.75033     4.4401   0.024056 8.4216e-76 0.00027017      1.695    0.73135     5.4156   0.025809 1.5248e-105 0.00035179     1.4252     0.6843     6.5089   0.036121 5.759e-105 0.00031667     1.6256    0.68856     7.2183 
   -2.2284  0.0054828 6.9633e-80 3.2795e-05     1.8795    0.77251      4.471  0.0092443 3.1003e-95 7.3702e-05     2.1794    0.73174     6.1329   0.020247 2.2406e-115 0.00014965      1.889    0.72638     6.5959   0.018449 1.1266e-113 0.00027445     1.7367    0.74143     5.2534    0.02798 5.8388e-116 0.00029333     1.3673    0.68488     7.7947   0.016844 2.1022e-114 0.00031264     1.6957    0.70206     6.2944 
   -2.1198  0.0079854 6.485e-124 4.3288e-05     2.0025    0.73595     4.3377  0.0074684 1.9373e-127 7.4196e-05     2.0056    0.75536      10.68   0.013288 7.9735e-80 0.00011284     1.9331    0.74416     4.8357   0.015976 6.1964e-124 0.00024693     1.7523    0.71436     5.4862   0.014923 1.1941e-83 0.00028475     1.6741    0.71978     5.2702   0.043678 4.3438e-123 0.00044621    0.93106    0.61602     15.351 
   -2.0112  0.0035232 1.333e-101 6.5318e-05     1.9441    0.73496     4.3873  0.0063544 1.5573e-83 4.2817e-05     2.0529    0.74909     5.0143  0.0098798 5.5984e-137 0.00012014     1.8499    0.75121     4.7851   0.018672 1.0464e-133 0.00024439      1.981    0.67275     6.4925   0.024618 1.4897e-132 0.00033263     1.3618    0.67512     5.7733   0.019434 8.4386e-136 0.00026824     1.8815    0.66978     5.3151 
   -1.9027  0.0046333 1.6622e-98 4.7147e-05     2.0151    0.71386     5.0118   0.006835 8.7241e-150 5.4225e-05     1.9042    0.71575     4.9346   0.010699 1.1042e-149 0.00011659     1.9918    0.71391     4.8638   0.011802 1.2294e-135 0.00024283     1.8793    0.69995     7.0914   0.024974 5.1662e-145 0.00029632     1.8871    0.71424     4.2447   0.016727 8.8664e-144 0.00038378     1.1162    0.63455      6.469 
   -1.7941  0.0024121 1.8805e-137 3.2164e-05     2.0057    0.75019     3.0729  0.0058434 2.1702e-96 6.4594e-05      1.984    0.65669     4.4186   0.011403 6.2538e-159 0.00012422     2.0279    0.70951     4.8179   0.010022 9.5314e-157 0.00025471     1.8574    0.71361     6.0784     0.0162 6.5743e-150  0.0002526     1.7695    0.70932     6.3846   0.016234 4.1214e-106 0.00036047     2.0056    0.61148     7.0385 
   -1.6855  0.0051042 2.2653e-120 7.4584e-05     2.0802    0.65742     6.9205  0.0080775 1.2208e-119 5.9154e-05     1.8991    0.64925     5.1299  0.0064485 3.5639e-163 0.00010172     1.8783    0.75718     4.8165   0.014634 1.493e-161 0.00026835      1.797    0.63769     7.7193   0.011245 2.3247e-147 0.00027145     1.7563    0.67774     5.2767   0.028452 3.8409e-165  0.0003732    0.94677      0.509     5.3741 
   -1.5769  0.0028187 3.5846e-174  2.834e-05     2.0289    0.75798     2.3549  0.0036917 6.9044e-196 5.9972e-05     1.8989    0.74182      4.951  0.0072043 1.0404e-107 0.00012994     1.8422    0.70164     5.7916   0.010465 7.2399e-102 0.00023752     2.0485    0.70085     6.8479    0.01043 9.7573e-184 0.00028567     1.5919    0.62149     8.3857   0.010256 1.4967e-182 0.00033357     2.0535    0.69003     6.1704 
   -1.4684  0.0016493 1.8111e-129 3.6465e-05     2.0301    0.73614     5.9333  0.0029603 1.2779e-155 7.6576e-05     2.1855    0.66859     3.9013  0.0037525 9.5058e-124 0.00013107      1.908    0.76054     4.4928  0.0067798 6.3943e-187 0.00022974      1.712     0.6698      7.673   0.010904 1.3729e-190 0.00029801     1.3612    0.60119     8.1353   0.010994 3.0915e-128 0.00036551     1.9149    0.68946     5.9107 
   -1.3598 0.00071136 9.6405e-147 2.7269e-05       2.25    0.63753     9.3501  0.0044961 2.8562e-162 7.2704e-05     2.0226    0.67654      3.636  0.0046839 7.2528e-215 6.7948e-05     1.8388    0.69893     6.1281  0.0078178 1.0309e-210 0.00027303      1.993    0.67181     5.3245  0.0095627 1.2241e-215   0.000308      1.395      0.673     5.3747  0.0099957 1.1516e-214 0.00034731     2.0969    0.60348     8.4591 
   -1.2512  0.0091969 2.5968e-152 4.1079e-05     2.2245    0.42948     1.5029  0.0022816 9.8572e-244  7.833e-05       1.93    0.63896     5.7208   0.001748 8.5335e-239  9.442e-05     1.7088     0.7357     4.8964  0.0036133 4.5924e-225 0.00023431     1.8336    0.73943     4.0617  0.0058393 8.5456e-174  0.0002857     1.8064    0.65385     6.1571  0.0049175 7.2748e-232 0.00030261     1.7466    0.68195     6.6798 
   -1.1426 0.00013436 2.4686e-170 5.4756e-05     2.1024    0.54574     9.0772   0.001452 2.7746e-171 5.2095e-05     2.2403    0.69804      3.533  0.0039616 7.661e-153  7.699e-05     1.8891    0.70685     6.1991  0.0047415 1.1488e-162 0.00023162      2.072    0.63487     10.725  0.0029717 3.7627e-245 0.00027706     2.0074    0.69376      7.118  0.0042921 9.5055e-248  0.0003045     1.2981    0.68917     7.0601 
   -1.0341 9.4093e-05 3.0856e-189 1.0489e-06     1.8088    0.78908     1.5299 0.00096218 1.825e-241 3.1301e-05     1.7402    0.77029     7.7671  0.0029368 1.4918e-282 0.00010217     1.5178    0.73288     5.5927   0.010829 1.3509e-268 0.00015892     0.9224    0.50461     8.8847  0.0033045 5.8832e-284 0.00030664     1.7211    0.62872     7.8794  0.0027484 1.4018e-272 0.00031721     1.2157    0.60614     10.975 
  -0.92549 0.00041016 1.8711e-221 3.5018e-05     1.9088    0.63903       8.35  0.0017424          0 7.1285e-05     2.2042    0.53064     13.905   0.001943 1.1303e-197 0.00011947     1.6814    0.64428     8.5476  0.0031091          0 0.00021548     1.9502     0.6494     8.8618  0.0031596          0 0.00026041     1.4358    0.68227     7.6266  0.0027925          0  0.0005827     2.1064    0.59403     10.558 
  -0.81692 0.00015728 6.9749e-270 1.9574e-05     1.5072    0.50294     7.1512  0.0035198          0 4.8742e-05     2.5351    0.44116     10.012  0.0022963 1.3982e-247 7.2387e-05     1.6852    0.65103     7.0939   0.007118          0 0.00012389     1.2666    0.51976     10.948  0.0029465 5.9869e-233 0.00027173     2.0578    0.51833      6.612  0.0052724          0 0.00038636     1.2557    0.49404     4.2883 
  -0.70834 7.6913e-05          0 5.6392e-05      2.122    0.80345     2.2282  0.0018885          0 4.6278e-05     1.8122    0.73451     6.9616  0.0014251          0 3.0319e-05     1.0686    0.59238     11.121  0.0028463          0  0.0002269      1.688    0.59596     6.5225  0.0064393 1.9671e-231 0.00031996     1.6862    0.49299     10.135  0.0053582          0 0.00030995    0.99641    0.57134     8.3018 
  -0.59977 9.1417e-05          0 1.9404e-05     1.7088    0.50429     6.5325  0.0008605          0 4.1085e-05     1.7424     0.6995     5.1345  0.0017635 5.1708e-212 9.3342e-05     2.0768    0.47169      7.457  0.0027048          0 0.00014591     1.1585    0.59458     9.3793  0.0051851          0 0.00023886     1.8648     0.5687      11.64  0.0018026          0 0.00027927       1.23     0.6021     11.576 
   -0.4912 0.00029253          0 1.8197e-06    0.96252    0.66251     4.1518   0.002299          0 4.8677e-05     1.8233    0.48103     2.5344  0.0020123          0 5.4917e-05     1.7304    0.68833     8.7786  0.0012793          0   0.000128     1.0044    0.44431      7.733  0.0015638          0 0.00021358     1.3831    0.65721     8.2741 0.00062266          0 0.00027258    0.98033    0.58085     16.421 
  -0.38262 0.00025965          0  3.108e-05      2.402    0.54568     4.5964 0.00034257          0 3.6558e-05     1.8537    0.59127     9.2468  0.0010831          0 0.00012009     2.6463    0.67297      7.609  0.0036772          0 0.00014748    0.87322    0.55534     12.298  0.0012532          0 0.00019969      0.964     0.5158     13.087 8.6313e-05          0 0.00026093     1.7302    0.61237     10.479 
  -0.27405 0.00041496          0  3.051e-05      1.908    0.46099     10.186 0.00080978          0 3.1985e-05     1.8195    0.63782     6.6216  0.0010435          0 3.6871e-05     1.8026    0.75491     5.2784  0.0016531          0 0.00018433     1.4456    0.67781     6.7646   0.003017          0 0.00023768     1.4986    0.66189     11.656  0.0010067          0 0.00017701     1.6725    0.71687     6.3049 
  -0.16548 8.1353e-05          0 4.0158e-06     2.4961    0.47373     1.5125 0.00017666          0 7.3767e-05     2.3768    0.50318      19.53 0.00057678          0 5.3167e-05     1.6002    0.57953     8.5293 0.00047212          0 9.5658e-05      1.152    0.47474     14.476  0.0019892          0  0.0001419     1.2049    0.53703      8.513  0.0010741          0 0.00022968     1.5793    0.53055     16.844 
 -0.056902 0.00020897          0 7.3675e-05      2.723    0.39269     9.6905 0.00033815          0 9.9844e-06    0.77353    0.54538     13.535  0.0011337          0 3.5167e-05     1.4172    0.48871     12.322 0.00063345          0 9.3021e-05      1.749    0.42461     7.4232  0.0012993          0 0.00014895    0.95797    0.63079     12.232 0.00090087          0 0.00016567     1.9921    0.58042     4.8603 
  0.051672 6.6687e-06          0 3.9067e-07     1.7355    0.78521     3.4456 9.1268e-05 1.4702e-286   1.14e-05     1.3692    0.49478     14.774 0.00044814          0 2.8474e-05     1.3724    0.50079     9.2666  0.0012997          0 6.3879e-05     1.3883    0.45101     6.6365  0.0027058          0 0.00011675     1.6048    0.49679      8.002  0.0014795          0 0.00017415    0.90479    0.50051     9.8358 
   0.16025 8.8781e-05          0 2.1995e-05     1.7552    0.79715     2.6186 0.00013931          0  1.064e-05        1.8    0.49324     7.6432 0.00058445          0 2.2501e-05     1.2909    0.60149     7.8934  0.0013052          0 7.3237e-05     1.4304    0.70747     6.6199  0.0014243          0 0.00013464    0.95276    0.61062      12.47   0.011856          0 0.00016911    0.56577    0.40624     15.457 
   0.26882  1.876e-05          0 2.0333e-05     2.2742    0.55862     2.9017 0.00012706          0 4.9861e-06     1.9913    0.78808     2.8461 9.3434e-05          0 5.4434e-05     1.7324    0.62625     6.2342  0.0015938          0  3.284e-05     1.9341    0.76218     4.4601  0.0039782          0 0.00014161    0.82379    0.58774     8.4562   0.002984          0 0.00016248     1.0727     0.5888     6.0592 
   0.37739 6.9976e-05          0 1.7706e-05     1.7475    0.81123    0.50075 0.00011247          0 3.9443e-07      1.842    0.38758     7.3894 0.00014358          0 2.3891e-05      0.679    0.52902     5.0906  0.0013166          0 0.00014744     2.6617    0.47327     9.8445 0.00071696          0 9.8013e-05     1.0464    0.64561     5.1874  0.0026648          0 0.00012774    0.72351     0.6338     8.2832 
   0.48597          0          0          0          0          0          0 0.00025294          0  6.012e-05     2.1419    0.80399     1.1865 0.00028303          0 8.1264e-05     1.3772    0.49941     10.137 0.00071486          0 4.9774e-05     1.2126    0.69238     11.488   0.008962          0   0.000104    0.53211    0.52798     20.058 0.00017228          0 0.00010115    0.53144    0.61294     10.727 
   0.59454          0          0          0          0          0          0 5.5112e-05          0 2.2799e-05     2.0699    0.78534     4.8836 0.00050278          0 3.7947e-05     1.8648    0.79674     3.7693  0.0006878          0 3.1368e-05     1.5616    0.49196     5.1348  0.0013516          0 8.2588e-05     0.7608    0.56451     8.1932  0.0016839          0 9.9432e-05    0.47145    0.53052     5.6093 
   0.70311          0          0          0          0          0          0 0.00015282          0 1.5839e-06     1.7395    0.80701     4.2577 0.00038121          0 2.6264e-05     1.6863    0.75773     7.8658 0.00034565          0 1.3392e-05     1.6753     0.6663     16.953 0.00028624          0 5.5499e-05    0.77606    0.61914     8.3478 8.2348e-05          0 6.0034e-05     1.7035    0.74563     7.5871 
   0.81169          0          0          0          0          0          0 1.2911e-05          0 2.4305e-06     2.0469    0.79299     2.7015  0.0011274          0 1.3284e-05     1.6398     0.7615     13.267 0.00029037          0 1.9791e-05     1.1571    0.56865     16.687 0.00031776          0 6.1232e-05     1.7446    0.63391     4.7484   0.001882          0 7.5576e-05    0.70807    0.60092     13.043 
   0.92026 0.00012076          0 9.5826e-08     1.8713    0.80033      2.703 7.0112e-06          0 3.2284e-07     2.0037    0.78929     2.2548  0.0019821          0 3.9639e-06     1.8079    0.77203     3.7912 4.1325e-05          0 2.3414e-05     1.0105    0.66876     13.317 0.00032568          0 3.8796e-05     1.9011    0.60636     11.369 0.00014547          0 5.2014e-05    0.85174    0.63294     5.4636 
    1.0288 7.8829e-05          0 2.5352e-11      3.536   0.028136     1.3359 2.1653e-05          0 8.1106e-06     1.8974     0.8008     7.3821 4.0232e-05          0 5.5342e-06     1.4588    0.76656     19.412  0.0073848          0 1.9578e-05    0.56414    0.58759     9.6971  9.483e-06          0 3.5624e-05     1.8193    0.78955     1.9819 6.7363e-05          0 3.7714e-05     1.7662    0.76787      9.117 
    1.1374 5.4942e-05          0 7.8767e-08     2.1037    0.81233    0.29197 0.00016704          0 3.8556e-06     1.9298    0.80562     2.7972 0.00010766          0 1.1627e-05     1.9275    0.79834     3.8236 0.00071005          0 1.3881e-05     2.0262    0.81415     2.4976 0.00013772          0  4.146e-05    0.59334    0.56078     9.5369 0.00031362          0 3.9475e-05    0.76129    0.65945     12.697 
     1.246 1.4176e-05          0 6.3946e-06     2.1331    0.79441     2.3664 0.00019642          0 1.9586e-07    0.67798     0.5461     7.2106          0          0          0          0          0          0 0.00044304          0 1.0029e-05    0.95331    0.68387     11.383          0          0          0          0          0          0 0.00020195          0 3.5442e-05     1.1239    0.46302     7.4785 
    1.3546          0          0          0          0          0          0 2.3422e-05          0 5.7628e-08     1.8616    0.80025     5.2511 4.3766e-05          0 2.3339e-05     2.0224    0.79494     2.5471 4.0909e-05          0 1.7417e-05     1.8667    0.79261     2.4658  1.208e-05          0 2.2184e-05     1.2131    0.48481     2.7416          0          0          0          0          0          0 
    1.4631          0          0          0          0          0          0 6.1199e-06          0 6.4622e-07     1.8671    0.80334      5.358 9.4547e-05          0 6.2546e-06       1.85    0.79458      3.168 3.4557e-05          0 1.7362e-05     2.0627    0.79981     3.4669  0.0002998          0 1.9191e-05     1.7486    0.78502     3.1125 0.00044572          0 9.5966e-06     1.7774    0.80199     3.5844 
    1.5717          0          0          0          0          0          0          0          0          0          0          0          0          0          0          0          0          0          0          0          0          0          0          0          0 0.00012836          0 1.3668e-05     1.4345    0.75474     12.983  5.361e-05          0 1.8258e-05    0.63777    0.44129     8.8704 
    1.6803          0          0          0          0          0          0 9.8439e-05          0 2.7606e-07      1.851    0.78997     2.7445 0.00059507          0 4.3663e-06     1.8267     0.7982      2.812 3.5163e-05          0 6.2084e-06     1.8285     0.7807     2.8922 4.0059e-05          0 1.0833e-05     1.6752     0.6441      4.734 5.8883e-05          0 1.7427e-05    0.78154    0.51601       9.01 
    1.7888          0          0          0          0          0          0 1.4435e-05          0 5.5038e-06     1.8786    0.79292    0.61012  3.509e-05          0 2.5639e-07     2.0294    0.80869     1.4162   0.000637          0 1.0507e-06     1.9161    0.78785      2.815 2.6134e-05          0 9.5044e-06      1.791    0.81302     1.6222          0          0          0          0          0          0 
    1.8974          0          0          0          0          0          0          0          0          0          0          0          0 5.5795e-05          0 1.6689e-06     1.8476    0.78997     3.0072 1.8057e-05          0 1.5022e-06     1.8129    0.79198     2.4159          0          0          0          0          0          0          0          0          0          0          0          0 
     2.006          0          0          0          0          0          0 4.0862e-05          0 1.8015e-08     1.8431     0.7929     2.9094          0          0          0          0          0          0 4.5213e-05          0 7.6879e-06     1.8353    0.78819     1.8395          0          0          0          0          0          0          0          0          0          0          0          0 
    2.1146          0          0          0          0          0          0          0          0          0          0          0          0          0          0          0          0          0          0          0          0          0          0          0          0          0          0          0          0          0          0          0          0          0          0          0          0 
    2.2231          0          0          0          0          0          0          0          0          0          0          0          0          0          0          0          0          0          0          0          0          0          0          0          0          0          0          0          0          0          0          0          0          0          0          0          0 
    2.3317          0          0          0          0          0          0          0          0          0          0          0          0          0          0          0          0          0          0          0          0          0          0          0          0          0          0          0          0          0          0          0          0          0          0          0          0 
    2.4403          0          0          0          0          0          0          0          0          0          0          0          0          0          0          0          0          0          0          0          0          0          0          0          0 0.00017021          0 2.7711e-06     2.1015    0.80873     4.0675          0          0          0          0          0          0 
    2.5489          0          0          0          0          0          0          0          0          0          0          0          0          0          0          0          0          0          0          0          0          0          0          0          0          0          0          0          0          0          0          0          0          0          0          0          0 
    2.6574          0          0          0          0          0          0          0          0          0          0          0          0          0          0          0          0          0          0          0          0          0          0          0          0          0          0          0          0          0          0          0          0          0          0          0          0 
     2.766          0          0          0          0          0          0          0          0          0          0          0          0          0          0          0          0          0          0          0          0          0          0          0          0          0          0          0          0          0          0          0          0          0          0          0          0 
    2.8746          0          0          0          0          0          0          0          0          0          0          0          0          0          0          0          0          0          0          0          0          0          0          0          0          0          0          0          0          0          0          0          0          0          0          0          0 
    2.9832          0          0          0          0          0          0          0          0          0          0          0          0          0          0          0          0          0          0          0          0          0          0          0          0          0          0          0          0          0          0          0          0          0          0          0          0 
    3.0917          0          0          0          0          0          0          0          0          0          0          0          0          0          0          0          0          0          0          0          0          0          0          0          0          0          0          0          0          0          0          0          0          0          0          0          0 
    3.2003          0          0          0          0          0          0          0          0          0          0          0          0          0          0          0          0          0          0          0          0          0          0          0          0          0          0          0          0          0          0          0          0          0          0          0          0 
    3.3089          0          0          0          0          0          0          0          0          0          0          0          0          0          0          0          0          0          0          0          0          0          0          0          0          0          0          0          0          0          0          0          0          0          0          0          0 
    3.4175          0          0          0          0          0          0          0          0          0          0          0          0          0          0          0          0          0          0          0          0          0          0          0          0          0          0          0          0          0          0          0          0          0          0          0          0 
     3.526          0          0          0          0          0          0          0          0          0          0          0          0          0          0          0          0          0          0          0          0          0          0          0          0          0          0          0          0          0          0          0          0          0          0          0          0 
    3.6346          0          0          0          0          0          0          0          0          0          0          0          0          0          0          0          0          0          0          0          0          0          0          0          0          0          0          0          0          0          0          0          0          0          0          0          0 
    3.7432          0          0          0          0          0          0          0          0          0          0          0          0          0          0          0          0          0          0          0          0          0          0          0          0          0          0          0          0          0          0          0          0          0          0          0          0 
    3.8517          0          0          0          0          0          0          0          0          0          0          0          0          0          0          0          0          0          0          0          0          0          0          0          0          0          0          0          0          0          0          0          0          0          0          0          0 
    3.9603          0          0          0          0          0          0          0          0          0          0          0          0          0          0          0          0          0          0          0          0          0          0          0          0          0          0          0          0          0          0          0          0          0          0          0          0 
    4.0689          0          0          0          0          0          0          0          0          0          0          0          0          0          0          0          0          0          0          0          0          0          0          0          0          0          0          0          0          0          0          0          0          0          0          0          0 
    4.1775          0          0          0          0          0          0          0          0          0          0          0          0          0          0          0          0          0          0          0          0          0          0          0          0          0          0          0          0          0          0          0          0          0          0          0          0 
     4.286          0          0          0          0          0          0          0          0          0          0          0          0          0          0          0          0          0          0          0          0          0          0          0          0          0          0          0          0          0          0          0          0          0          0          0          0 
    4.3946          0          0          0          0          0          0          0          0          0          0          0          0          0          0          0          0          0          0          0          0          0          0          0          0          0          0          0          0          0          0          0          0          0          0          0          0 
    4.5032          0          0          0          0          0          0          0          0          0          0          0          0          0          0          0          0          0          0          0          0          0          0          0          0          0          0          0          0          0          0          0          0          0          0          0          0 
    4.6118          0          0          0          0          0          0          0          0          0          0          0          0          0          0          0          0          0          0          0          0          0          0          0          0          0          0          0          0          0          0          0          0          0          0          0          0 
    4.7203          0          0          0          0          0          0          0          0          0          0          0          0          0          0          0          0          0          0          0          0          0          0          0          0          0          0          0          0          0          0          0          0          0          0          0          0 
    4.8289          0          0          0          0          0          0          0          0          0          0          0          0          0          0          0          0          0          0          0          0          0          0          0          0          0          0          0          0          0          0          0          0          0          0          0          0 
    4.9375          0          0          0          0          0          0          0          0          0          0          0          0          0          0          0          0          0          0          0          0          0          0          0          0          0          0          0          0          0          0          0          0          0          0          0          0 
    5.0461          0          0          0          0          0          0          0          0          0          0          0          0          0          0          0          0          0          0          0          0          0          0          0          0          0          0          0          0          0          0          0          0          0          0          0          0 
    5.1546          0          0          0          0          0          0          0          0          0          0          0          0          0          0          0          0          0          0          0          0          0          0          0          0          0          0          0          0          0          0          0          0          0          0          0          0 
    5.2632          0          0          0          0          0          0          0          0          0          0          0          0          0          0          0          0          0          0          0          0          0          0          0          0          0          0          0          0          0          0          0          0          0          0          0          0 
    5.3718          0          0          0          0          0          0          0          0          0          0          0          0          0          0          0          0          0          0          0          0          0          0          0          0          0          0          0          0          0          0          0          0          0          0          0          0 
    5.4804          0          0          0          0          0          0          0          0          0          0          0          0          0          0          0          0          0          0          0          0          0          0          0          0          0          0          0          0          0          0          0          0          0          0          0          0 
    5.5889          0          0          0          0          0          0          0          0          0          0          0          0          0          0          0          0          0          0          0          0          0          0          0          0          0          0          0          0          0          0          0          0          0          0          0          0 
    5.6975          0          0          0          0          0          0          0          0          0          0          0          0          0          0          0          0          0          0          0          0          0          0          0          0          0          0          0          0          0          0          0          0          0          0          0          0 
    5.8061          0          0          0          0          0          0          0          0          0          0          0          0          0          0          0          0          0          0          0          0          0          0          0          0          0          0          0          0          0          0          0          0          0          0          0          0 
    5.9146          0          0          0          0          0          0          0          0          0          0          0          0          0          0          0          0          0          0          0          0          0          0          0          0          0          0          0          0          0          0          0          0          0          0          0          0 
    6.0232          0          0          0          0          0          0          0          0          0          0          0          0          0          0          0          0          0          0          0          0          0          0          0          0          0          0          0          0          0          0          0          0          0          0          0          0 
    6.1318          0          0          0          0          0          0          0          0          0          0          0          0          0          0          0          0          0          0          0          0          0          0          0          0          0          0          0          0          0          0          0          0          0          0          0          0 
    6.2404          0          0          0          0          0          0          0          0          0          0          0          0          0          0          0          0          0          0          0          0          0          0          0          0          0          0          0          0          0          0          0          0          0          0          0          0 
    6.3489          0          0          0          0          0          0          0          0          0          0          0          0          0          0          0          0          0          0          0          0          0          0          0          0          0          0          0          0          0          0          0          0          0          0          0          0 
    6.4575          0          0          0          0          0          0          0          0          0          0          0          0          0          0          0          0          0          0          0          0          0          0          0          0          0          0          0          0          0          0          0          0          0          0          0          0 
    6.5661          0          0          0          0          0          0          0          0          0          0          0          0          0          0          0          0          0          0          0          0          0          0          0          0          0          0          0          0          0          0          0          0          0          0          0          0 
    6.6747          0          0          0          0          0          0          0          0          0          0          0          0          0          0          0          0          0          0          0          0          0          0          0          0          0          0          0          0          0          0          0          0          0          0          0          0 
    6.7832          0          0          0          0          0          0          0          0          0          0          0          0          0          0          0          0          0          0          0          0          0          0          0          0          0          0          0          0          0          0          0          0          0          0          0          0 
    6.8918          0          0          0          0          0          0          0          0          0          0          0          0          0          0          0          0          0          0          0          0          0          0          0          0          0          0          0          0          0          0          0          0          0          0          0          0 
    7.0004          0          0          0          0          0          0          0          0          0          0          0          0          0          0          0          0          0          0          0          0          0          0          0          0          0          0          0          0          0          0          0          0          0          0          0          0 
     7.109          0          0          0          0          0          0          0          0          0          0          0          0          0          0          0          0          0          0          0          0          0          0          0          0          0          0          0          0          0          0          0          0          0          0          0          0 
    7.2175          0          0          0          0          0          0          0          0          0          0          0          0          0          0          0          0          0          0          0          0          0          0          0          0          0          0          0          0          0          0          0          0          0          0          0          0 
    7.3261          0          0          0          0          0          0          0          0          0          0          0          0          0          0          0          0          0          0          0          0          0          0          0          0          0          0          0          0          0          0          0          0          0          0          0          0 
    7.4347          0          0          0          0          0          0          0          0          0          0          0          0          0          0          0          0          0          0          0          0          0          0          0          0          0          0          0          0          0          0          0          0          0          0          0          0 
    7.5433          0          0          0          0          0          0          0          0          0          0          0          0          0          0          0          0          0          0          0          0          0          0          0          0          0          0          0          0          0          0          0          0          0          0          0          0 
    7.6518          0          0          0          0          0          0          0          0          0          0          0          0          0          0          0          0          0          0          0          0          0          0          0          0          0          0          0          0          0          0          0          0          0          0          0          0 
    7.7604          0          0          0          0          0          0          0          0          0          0          0          0          0          0          0          0          0          0          0          0          0          0          0          0          0          0          0          0          0          0          0          0          0          0          0          0 
     7.869          0          0          0          0          0          0          0          0          0          0          0          0          0          0          0          0          0          0          0          0          0          0          0          0          0          0          0          0          0          0          0          0          0          0          0          0 
    7.9775          0          0          0          0          0          0          0          0          0          0          0          0          0          0          0          0          0          0          0          0          0          0          0          0          0          0          0          0          0          0          0          0          0          0          0          0 
    8.0861          0          0          0          0          0          0          0          0          0          0          0          0          0          0          0          0          0          0          0          0          0          0          0          0          0          0          0          0          0          0          0          0          0          0          0          0 
    8.1947          0          0          0          0          0          0          0          0          0          0          0          0          0          0          0          0          0          0          0          0          0          0          0          0          0          0          0          0          0          0          0          0          0          0          0          0 
    8.3033          0          0          0          0          0          0          0          0          0          0          0          0          0          0          0          0          0          0          0          0          0          0          0          0          0          0          0          0          0          0          0          0          0          0          0          0 
    8.4118          0          0          0          0          0          0          0          0          0          0          0          0          0          0          0          0          0          0          0          0          0          0          0          0          0          0          0          0          0          0          0          0          0          0          0          0 
    8.5204          0          0          0          0          0          0          0          0          0          0          0          0          0          0          0          0          0          0          0          0          0          0          0          0          0          0          0          0          0          0          0          0          0          0          0          0 
     8.629          0          0          0          0          0          0          0          0          0          0          0          0          0          0          0          0          0          0          0          0          0          0          0          0          0          0          0          0          0          0          0          0          0          0          0          0 
    8.7376          0          0          0          0          0          0          0          0          0          0          0          0          0          0          0          0          0          0          0          0          0          0          0          0          0          0          0          0          0          0          0          0          0          0          0          0 
    8.8461          0          0          0          0          0          0          0          0          0          0          0          0          0          0          0          0          0          0          0          0          0          0          0          0          0          0          0          0          0          0          0          0          0          0          0          0 
    8.9547          0          0          0          0          0          0          0          0          0          0          0          0          0          0          0          0          0          0          0          0          0          0          0          0          0          0          0          0          0          0          0          0          0          0          0          0 
    9.0633          0          0          0          0          0          0          0          0          0          0          0          0          0          0          0          0          0          0          0          0          0          0          0          0          0          0          0          0          0          0          0          0          0          0          0          0 
    9.1719          0          0          0          0          0          0          0          0          0          0          0          0          0          0          0          0          0          0          0          0          0          0          0          0          0          0          0          0          0          0          0          0          0          0          0          0 
    9.2804          0          0          0          0          0          0          0          0          0          0          0          0          0          0          0          0          0          0          0          0          0          0          0          0          0          0          0          0          0          0          0          0          0          0          0          0 
     9.389          0          0          0          0          0          0          0          0          0          0          0          0          0          0          0          0          0          0          0          0          0          0          0          0          0          0          0          0          0          0          0          0          0          0          0          0 
    9.4976          0          0          0          0          0          0          0          0          0          0          0          0          0          0          0          0          0          0          0          0          0          0          0          0          0          0          0          0          0          0          0          0          0          0          0          0 
    9.6062          0          0          0          0          0          0          0          0          0          0          0          0          0          0          0          0          0          0          0          0          0          0          0          0          0          0          0          0          0          0          0          0          0          0          0          0 
